cam_ids:
- 19138738
- 19085538
cam_aliases:
- left
- right
master_cam: 19138738
skip: 20
delay: 1.0

# Assign all the follwing via launch file to prevent confusion and conflict

save_path: ~/projects/data
save_type: .bmp #binary or .tiff or .bmp
binning: 1 # going from 2 to 1 requires cameras to be unplugged and replugged
#color: false
frames: 10
#soft_framerate: 20 # this frame rate reflects to the software frame rate set using ros::rate
#exp: 997
#to_ros: true  #When to_ros is not selected, but live is selected, pressing 'space' exports single image to ROS

#Camera info message details
distortion_model: plumb_bob
image_height: 1024 #2448 #1536
image_width: 1224 #2048
distortion_coeffs:
- [-0.393350793196238, 0.181568934116539, 0.0, 0.0, 0.0]
- [-0.391025064825473, 0.175729618266367, 0.0, 0.0, 0.0]
#- [-0.021141875266089592, -0.3733872931278025, 2.385982550579459, 3.2824571732099725]
#- [-0.021141875266089592, -0.3733872931278025, 2.385982550579459, 3.2824571732099725]


#specified as [fx  0 cx 0 fy cy 0  0  1]
intrinsic_coeffs:
- [1233.00084277109, 0.0, 615.637825032748, 0.0, 1232.45316053679, 540.205127721724, 0.0, 0.0, 1.0]
- [1233.85877991524, 0.0, 635.995527953047, 0.0, 1233.37123754575, 536.002405885755, 0.0, 0.0, 1.0]
#- [1886.9232141485886, 0.0, 604.7214878709341, 0.0, 1886.6668765711668, 493.47726714719823, 0.0, 0.0, 1.0]
#- [1886.9232141485886, 0.0, 604.7214878709341, 0.0, 1886.6668765711668, 493.47726714719823, 0.0, 0.0, 1.0]


rectification_coeffs:
# 20m params funnet ved stereoRectify i Opencv. R1 og R2
- [0.9990343438105942, -0.0046214384061896, 0.04369235853090789, 0.004636576059674731, 0.9999892209797688, -0.0002451259225559625, -0.04369075473573849, 0.0004474721587467958, 0.999045002849866]
- [0.9998948686306078, -0.005110020853194858, 0.01356979635291967,  0.005105320080758364, 0.9999868951746188, 0.0003810326745014429, -0.01357156560802046, -0.0003117144622022262, 0.9999078534750296]

# 40m calibration written manually . disse s책 ok ut,  gidde bedre disparity map enn matlab p책 testscene veranda Trine
#- [1.000000, 0.000000, 0.000000, 0.000000, 1.000000, 0.000000, 0.000000, 0.000000, 1.000000]
#- [0.999582362796168, 0.000436455800242074,  0.0288948004520590, -0.000413956158206312, 0.999999606480941, -0.000784651681956454, -0.0288951315471820, 0.000772362801634630,  0.999582150115024]



#[fx'  0  cx' Tx 0  fy' cy' Ty 0   0   1   0]
projection_coeffs:
# 20m params funnet ved stereoRectify i Opencv. P1 og P2
- [1172.87782504138, 0.0, 588.5272216796875, 0.0, 0.0, 1172.87782504138, 542.0786361694336, 0.0, 0.0, 0.0, 1.0, 0.0]
- [1172.87782504138, 0.0, 588.5272216796875, -2181479.189866062, 0.0, 1172.87782504138, 542.0786361694336, 0.0, 0.0, 0.0, 1.0, 0.0]

# 40m calibration written manually [fx'  0  cx' Tx 0  fy' cy' Ty 0   0   1   0] disse s책 ok ut,  gidde bedre disparity map enn matlab p책 testscene veranda Trine
#- [1233.00084277109,  0.0, 615.637825032748,  0.0, 0.0,  1232.45316053679,  540.205127721724,  0.0, 0.0,  0.0,  1.0, 0.0]
#- [1233.85877991524,  0.0,  635.995527953047,  2315686.4106141789671859625756 , 0.0, 1233.37123754575,  536.002405885755,  55338.217244902839135232424125, 0.0, 0.0, 1.0, 0.0]
