cam_ids:
- 19138738
- 19085538
cam_aliases:
- left
- right
master_cam: 19138738
skip: 20
delay: 1.0

# Assign all the follwing via launch file to prevent confusion and conflict

save_path: ~/projects/data
save_type: .bmp #binary or .tiff or .bmp
binning: 1 # going from 2 to 1 requires cameras to be unplugged and replugged
#color: false
frames: 10
#soft_framerate: 20 # this frame rate reflects to the software frame rate set using ros::rate
#exp: 997
#to_ros: true  #When to_ros is not selected, but live is selected, pressing 'space' exports single image to ROS

#Camera info message details
distortion_model: plumb_bob
image_height: 1024 #2448 #1536
image_width: 1224 #2048
distortion_coeffs:
- [-0.393350793196238, 0.181568934116539, 0.0, 0.0, 0.0]
- [-0.391025064825473, 0.175729618266367, 0.0, 0.0, 0.0]
#- [-0.021141875266089592, -0.3733872931278025, 2.385982550579459, 3.2824571732099725]
#- [-0.021141875266089592, -0.3733872931278025, 2.385982550579459, 3.2824571732099725]


#specified as [fx  0 cx 0 fy cy 0  0  1]
intrinsic_coeffs:
- [1233.00084277109, 0.0, 615.637825032748, 0.0, 1232.45316053679, 540.205127721724, 0.0, 0.0, 1.0]
- [1233.85877991524, 0.0, 635.995527953047, 0.0, 1233.37123754575, 536.002405885755, 0.0, 0.0, 1.0]
#- [1886.9232141485886, 0.0, 604.7214878709341, 0.0, 1886.6668765711668, 493.47726714719823, 0.0, 0.0, 1.0]
#- [1886.9232141485886, 0.0, 604.7214878709341, 0.0, 1886.6668765711668, 493.47726714719823, 0.0, 0.0, 1.0]


rectification_coeffs:
# 20m params funnet ved stereoRectify i Opencv. R1 og R2
- [0.9990343438105942, -0.0046214384061896, 0.04369235853090789, 0.004636576059674731, 0.9999892209797688, -0.0002451259225559625, -0.04369075473573849, 0.0004474721587467958, 0.999045002849866]
- [0.9998948686306078, -0.005110020853194858, 0.01356979635291967,  0.005105320080758364, 0.9999868951746188, 0.0003810326745014429, -0.01357156560802046, -0.0003117144622022262, 0.9999078534750296]

#50m params funnet ved stereoRectify i Opencv. R1 og R2
#-[0.9986941468772117, 0.004349382735099176, 0.0509026901354114, -0.004348190582086256, 0.9999905375751341, -0.0001341598162593071, -0.05090279198491909, -0.00008734997460535862, 0.9987036087539295]
#-[0.9997283583334899, 0.004350102743965703, 0.02289729569058221, -0.004350638863615966, 0.9999905355774309, -2.640154272423772e-05, -0.02289719383032356, -0.00007322349353797969, 0.999737822207911]

#70m params funnet ved stereoRectify i Opencv. R1 og R2
#- [0.9987300242178908, -0.05009921707809453, 0.005329838073813459, 0.05010025783298237, 0.9987441916424403, -0.00006185108662477612, -0.005320046127600593, 0.0003287987989487634, 0.9999857943993755]
#- [0.9983895683170505, -0.05086520189087558, -0.02511973551401511, 0.05087011096582993, 0.9987051790693932, -0.0004439710524071781, 0.02510979263191465, -0.0008345876656721809, 0.9996843510715823]


# 40m calibration written manually . disse s책 ok ut,  gidde bedre disparity map enn matlab p책 testscene veranda Trine
#- [1.000000, 0.000000, 0.000000, 0.000000, 1.000000, 0.000000, 0.000000, 0.000000, 1.000000]
#- [0.999582362796168, 0.000436455800242074,  0.0288948004520590, -0.000413956158206312, 0.999999606480941, -0.000784651681956454, -0.0288951315471820, 0.000772362801634630,  0.999582150115024]



#[fx'  0  cx' Tx 0  fy' cy' Ty 0   0   1   0]
projection_coeffs:
# 20m params funnet ved stereoRectify i Opencv. P1 og P2
- [1172.87782504138, 0.0, 588.5272216796875, 0.0, 0.0, 1172.87782504138, 542.0786361694336, 0.0, 0.0, 0.0, 1.0, 0.0]
- [1172.87782504138, 0.0, 588.5272216796875, -2181479.189866062, 0.0, 1172.87782504138, 542.0786361694336, 0.0, 0.0, 0.0, 1.0, 0.0]

# 50m params funnet ved stereoRectify i Opencv. P1 og P2
#- [1170.813709996791, 0.0, 577.2035369873047, 0.0, 0.0, 1170.813709996791, 542.1552429199219, 0.0, 0.0, 0.0, 1.0, 0.0]
#- [1170.813709996791, 0.0, 577.2035369873047, -2095701.298234519, 0.0, 1170.813709996791, 542.1552429199219, 0.0, 0.0, 0.0, 1.0, 0.0]

# 70m params funnet ved stereoRectify i Opencv. P1 og P2
#- [1186.406507322082, 0.0, 641.1464920043945, 0.0, 0.0, 1186.406507322082, 543.2895011901855, 0.0, 0.0, 0.0, 1.0, 0.0]
#- [1186.406507322082, 0.0, 641.1464920043945, -2378331.913356366, 0.0, 1186.406507322082, 543.2895011901855, 0.0,  0.0, 0.0, 1.0, 0.0]





# 40m calibration written manually [fx'  0  cx' Tx 0  fy' cy' Ty 0   0   1   0] disse s책 ok ut,  gidde bedre disparity map enn matlab p책 testscene veranda Trine
#- [1233.00084277109,  0.0, 615.637825032748,  0.0, 0.0,  1232.45316053679,  540.205127721724,  0.0, 0.0,  0.0,  1.0, 0.0]
#- [1233.85877991524,  0.0,  635.995527953047,  2315686.4106141789671859625756 , 0.0, 1233.37123754575,  536.002405885755,  55338.217244902839135232424125, 0.0, 0.0, 1.0, 0.0]
